           -10.0 -3.89817183252e-17
  -9.89949748744 -0.00998444209005
  -9.79899497487  -0.019176456943
  -9.69849246231 -0.0266434526197
  -9.59798994975 -0.0316051374039
  -9.49748743719 -0.0335141238088
  -9.39698492462 -0.0321151324247
  -9.29648241206 -0.0274765043213
   -9.1959798995 -0.0199903321128
  -9.09547738693 -0.0103405369639
  -8.99497487437 0.000558636012753
  -8.89447236181  0.0116482643591
  -8.79396984925  0.0218266028114
  -8.69346733668  0.0300574443418
  -8.59296482412  0.0354744343993
  -8.49246231156  0.0374709514323
  -8.39195979899   0.035766356759
  -8.29145728643   0.030441535848
  -8.19095477387  0.0219395137521
  -8.09045226131  0.0110302660742
  -7.98994974874 -0.00125765265097
  -7.88944723618 -0.0137327175914
  -7.78894472362  -0.025154515754
  -7.68844221106 -0.0343555127655
  -7.58793969849 -0.0403586987687
  -7.48743718593 -0.0424794226165
  -7.38693467337 -0.0404009850468
   -7.2864321608     -0.034215874
  -7.18592964824 -0.0244276885126
  -7.08542713568 -0.0119125241185
  -6.98492462312 0.00215746662456
  -6.88442211055  0.0164218481942
  -6.78391959799  0.0294612791976
  -6.68341708543  0.0399363836967
  -6.58291457286  0.0467227477294
   -6.4824120603  0.0490286800002
  -6.38190954774  0.0464836843735
  -6.28140703518  0.0391881086776
  -6.18090452261  0.0277179480035
  -6.08040201005  0.0130829781446
  -5.97989949749 -0.00335911102338
  -5.87939698492 -0.0200255474165
  -5.77889447236 -0.0352574280152
   -5.6783919598 -0.0474810695869
  -5.57788944724 -0.0553664053087
  -5.47738693467 -0.0579668736002
  -5.37688442211 -0.0548265399159
  -5.27638190955 -0.0460429012105
  -5.17587939698 -0.0322777289382
  -5.07537688442 -0.0147130721134
  -4.97487437186  0.0050452620263
   -4.8743718593  0.0251092883594
  -4.77386934673  0.0434834237836
  -4.67336683417  0.0582564035975
  -4.57286432161  0.0677926417136
  -4.47236180905   0.070904539885
  -4.37185929648   0.066988386055
  -4.27135678392  0.0561093036424
  -4.17085427136  0.0390250119917
  -4.07035175879  0.0171435785678
  -3.96984924623 -0.00758358466207
  -3.86934673367 -0.0328260505347
  -3.76884422111 -0.0560828904528
  -3.66834170854 -0.0749175337689
  -3.56783919598 -0.0871979200841
  -3.46733668342 -0.0913195096696
  -3.36683417085 -0.0863893573937
  -3.26633165829 -0.0723521289977
  -3.16582914573 -0.0500434708625
  -3.06532663317 -0.0211621863747
   -2.9648241206  0.0118402733378
  -2.86432160804  0.0459470329667
  -2.76381909548  0.0778265460195
  -2.66331658291   0.104127385117
  -2.56281407035   0.121792770901
  -2.46231155779   0.128367712895
  -2.36180904523   0.122271101944
  -2.26130653266   0.103006975594
   -2.1608040201  0.0712933861579
  -2.06030150754  0.0290935403911
  -1.95979899497 -0.0204583324548
  -1.85929648241  -0.073235220597
  -1.75879396985  -0.124389614223
  -1.65829145729  -0.168701438448
  -1.55778894472  -0.200976202809
  -1.45728643216  -0.216462830763
   -1.3567839196  -0.211257941808
  -1.25628140704  -0.182663368047
  -1.15577889447  -0.129466457807
  -1.05527638191 -0.0521180792231
 -0.954773869347  0.0472092082831
 -0.854271356784   0.164691184132
 -0.753768844221   0.295048529804
 -0.653266331658   0.431858159727
 -0.552763819095   0.567958231472
 -0.452261306533   0.695917976359
  -0.35175879397   0.808537931249
 -0.251256281407   0.899343282424
 -0.150753768844    0.96303311399
-0.0502512562814   0.995851404056
 0.0502512562814   0.995851404056
  0.150753768844    0.96303311399
  0.251256281407   0.899343282424
   0.35175879397   0.808537931249
  0.452261306533   0.695917976359
  0.552763819095   0.567958231472
  0.653266331658   0.431858159727
  0.753768844221   0.295048529804
  0.854271356784   0.164691184132
  0.954773869347  0.0472092082831
   1.05527638191 -0.0521180792231
   1.15577889447  -0.129466457807
   1.25628140704  -0.182663368047
    1.3567839196  -0.211257941808
   1.45728643216  -0.216462830763
   1.55778894472  -0.200976202809
   1.65829145729  -0.168701438448
   1.75879396985  -0.124389614223
   1.85929648241  -0.073235220597
   1.95979899497 -0.0204583324548
   2.06030150754  0.0290935403911
    2.1608040201  0.0712933861579
   2.26130653266   0.103006975594
   2.36180904523   0.122271101944
   2.46231155779   0.128367712895
   2.56281407035   0.121792770901
   2.66331658291   0.104127385117
   2.76381909548  0.0778265460195
   2.86432160804  0.0459470329667
    2.9648241206  0.0118402733378
   3.06532663317 -0.0211621863747
   3.16582914573 -0.0500434708625
   3.26633165829 -0.0723521289977
   3.36683417085 -0.0863893573937
   3.46733668342 -0.0913195096696
   3.56783919598 -0.0871979200841
   3.66834170854 -0.0749175337689
   3.76884422111 -0.0560828904528
   3.86934673367 -0.0328260505347
   3.96984924623 -0.00758358466207
   4.07035175879  0.0171435785678
   4.17085427136  0.0390250119917
   4.27135678392  0.0561093036424
   4.37185929648   0.066988386055
   4.47236180905   0.070904539885
   4.57286432161  0.0677926417136
   4.67336683417  0.0582564035975
   4.77386934673  0.0434834237836
    4.8743718593  0.0251092883594
   4.97487437186  0.0050452620263
   5.07537688442 -0.0147130721134
   5.17587939698 -0.0322777289382
   5.27638190955 -0.0460429012105
   5.37688442211 -0.0548265399159
   5.47738693467 -0.0579668736002
   5.57788944724 -0.0553664053087
    5.6783919598 -0.0474810695869
   5.77889447236 -0.0352574280152
   5.87939698492 -0.0200255474165
   5.97989949749 -0.00335911102338
   6.08040201005  0.0130829781446
   6.18090452261  0.0277179480035
   6.28140703518  0.0391881086776
   6.38190954774  0.0464836843735
    6.4824120603  0.0490286800002
   6.58291457286  0.0467227477294
   6.68341708543  0.0399363836967
   6.78391959799  0.0294612791976
   6.88442211055  0.0164218481942
   6.98492462312 0.00215746662456
   7.08542713568 -0.0119125241185
   7.18592964824 -0.0244276885126
    7.2864321608     -0.034215874
   7.38693467337 -0.0404009850468
   7.48743718593 -0.0424794226165
   7.58793969849 -0.0403586987687
   7.68844221106 -0.0343555127655
   7.78894472362  -0.025154515754
   7.88944723618 -0.0137327175914
   7.98994974874 -0.00125765265097
   8.09045226131  0.0110302660742
   8.19095477387  0.0219395137521
   8.29145728643   0.030441535848
   8.39195979899   0.035766356759
   8.49246231156  0.0374709514323
   8.59296482412  0.0354744343993
   8.69346733668  0.0300574443418
   8.79396984925  0.0218266028114
   8.89447236181  0.0116482643591
   8.99497487437 0.000558636012753
   9.09547738693 -0.0103405369639
    9.1959798995 -0.0199903321128
   9.29648241206 -0.0274765043213
   9.39698492462 -0.0321151324247
   9.49748743719 -0.0335141238088
   9.59798994975 -0.0316051374039
   9.69849246231 -0.0266434526197
   9.79899497487  -0.019176456943
   9.89949748744 -0.00998444209005
            10.0 -3.89817183252e-17
